Chart Recorder Data File Wed, Nov 24, 2021 1:36 PM
CH1 (V)  	CH2 (V)  
-0.015615234	-0.031738281
0.015615234	-0.033203125
0.046845703	-0.034667969
0.062460938	-0.034667969
0.093691406	-0.035156250
0.124921875	-0.036132812
0.140537109	-0.035644531
0.187382812	-0.035644531
0.202998047	-0.036132812
0.234228516	-0.035644531
0.249843750	-0.036132812
0.296689453	-0.035156250
0.312304688	-0.035644531
0.343535156	-0.035156250
0.374765625	-0.036621094
0.390380859	-0.036132812
0.421611328	-0.037109375
0.437226562	-0.036621094
0.468457031	-0.037109375
0.515302734	-0.036621094
0.515302734	-0.036621094
0.562148437	-0.036621094
0.577763672	-0.037597656
0.624609375	-0.037109375
0.640224609	-0.037597656
0.671455078	-0.036621094
0.687070312	-0.036621094
0.718300781	-0.036132812
0.733916016	-0.036132812
0.780761719	-0.036132812
0.796376953	-0.035644531
0.827607422	-0.035644531
0.858837891	-0.036132812
0.890068359	-0.035644531
0.905683594	-0.036132812
0.936914062	-0.035644531
0.968144531	-0.036132812
0.983759766	-0.035644531
0.999375000	-0.036132812
1.046220703	-0.035156250
1.061835937	-0.035644531
1.093066406	-0.035156250
1.124296875	-0.035644531
1.155527344	-0.035156250
1.171142578	-0.035644531
1.202373047	-0.035156250
1.233603516	-0.035644531
1.249218750	-0.034667969
1.280449219	-0.035644531
1.311679688	-0.035156250
1.327294922	-0.036132812
1.374140625	-0.035644531
1.389755859	-0.036132812
1.420986328	-0.035644531
1.452216797	-0.036132812
1.467832031	-0.035156250
1.499062500	-0.035644531
1.530292969	-0.035156250
1.545908203	-0.035644531
1.592753906	-0.034667969
1.608369141	-0.035644531
1.623984375	-0.034667969
1.655214844	-0.034667969
1.686445313	-0.034667969
1.702060547	-0.035156250
1.748906250	-0.034667969
1.780136719	-0.035644531
1.811367187	-0.035156250
1.826982422	-0.036132812
1.842597656	-0.036132812
1.873828125	-0.036621094
1.905058594	-0.035156250
1.920673828	-0.035644531
1.951904297	-0.034667969
1.983134766	-0.035156250
1.998750000	-0.034667969
2.029980469	-0.035156250
2.061210937	-0.034667969
2.076826172	-0.035156250
2.123671875	-0.034667969
2.139287109	-0.034667969
2.170517578	-0.034179687
2.186132812	-0.034667969
2.217363281	-0.033691406
2.248593750	-0.034667969
2.279824219	-0.034179687
2.295439453	-0.035156250
2.326669922	-0.034667969
2.357900391	-0.035156250
2.389130859	-0.034667969
2.404746094	-0.035156250
2.435976563	-0.034667969
2.467207031	-0.035156250
2.482822266	-0.034667969
2.514052734	-0.035156250
2.560898438	-0.034667969
2.560898438	-0.035156250
2.592128906	-0.034667969
2.623359375	-0.035156250
2.638974609	-0.034667969
2.685820312	-0.035156250
2.701435547	-0.034667969
2.732666016	-0.036621094
2.748281250	-0.035644531
2.795126953	-0.036132812
2.810742187	-0.035156250
2.841972656	-0.035156250
2.873203125	-0.034667969
2.888818359	-0.035156250
2.920048828	-0.035156250
2.935664062	-0.035644531
2.966894531	-0.034667969
2.998125000	-0.034667969
3.013740234	-0.034667969
3.060585937	-0.035156250
3.076201172	-0.034179687
3.107431641	-0.035156250
3.138662109	-0.034179687
3.169892578	-0.035156250
3.185507813	-0.034667969
3.201123047	-0.035156250
3.232353516	-0.034179687
3.263583984	-0.034667969
3.294814453	-0.034179687
3.326044922	-0.035156250
3.341660156	-0.034667969
3.372890625	-0.035156250
3.404121094	-0.035156250
3.419736328	-0.036621094
3.450966797	-0.038085937
3.482197266	-0.039550781
3.513427734	-0.038574219
3.529042969	-0.038574219
3.560273437	-0.037109375
3.575888672	-0.036621094
3.607119141	-0.034667969
3.653964844	-0.034179687
3.685195312	-0.033203125
3.685195312	-0.033203125
3.716425781	-0.032226562
3.747656250	-0.032226562
3.763271484	-0.032226562
3.794501953	-0.033203125
3.825732422	-0.032714844
3.856962891	-0.033203125
3.888193359	-0.033203125
3.903808594	-0.033691406
3.919423828	-0.033203125
3.950654297	-0.033203125
3.981884766	-0.032714844
3.997500000	-0.032714844
4.028730469	-0.031738281
4.044345703	-0.032226562
4.075576172	-0.031738281
4.091191406	-0.032226562
4.138037109	-0.031738281
4.153652344	-0.032226562
4.184882812	-0.033203125
4.200498047	-0.032226562
4.231728516	-0.031738281
4.262958984	-0.032226562
4.294189453	-0.032226562
4.325419922	-0.032714844
4.341035156	-0.032714844
4.372265625	-0.033203125
4.387880859	-0.032226562
4.434726562	-0.032714844
4.450341797	-0.031738281
4.481572266	-0.031738281
4.497187500	-0.031738281
4.528417969	-0.031250000
4.559648437	-0.030761719
4.575263672	-0.030761719
4.622109375	-0.030273437
4.637724609	-0.030273437
4.668955078	-0.029785156
4.684570312	-0.029785156
4.715800781	-0.029785156
4.731416016	-0.029296875
4.778261719	-0.028808594
4.793876953	-0.029296875
4.825107422	-0.028320312
4.856337891	-0.027832031
4.871953125	-0.027832031
4.903183594	-0.027343750
4.934414063	-0.026855469
4.950029297	-0.026855469
4.981259766	-0.026367187
5.012490234	-0.027343750
5.028105469	-0.025390625
5.059335938	-0.024902344
5.090566406	-0.024414062
5.121796875	-0.024414062
5.168642578	-0.023437500
5.184257813	-0.023437500
5.199873047	-0.022949219
5.215488281	-0.022949219
5.246718750	-0.022460937
5.293564453	-0.021972656
5.309179688	-0.020996094
5.340410156	-0.020996094
5.356025391	-0.020019531
5.387255859	-0.019531250
5.402871094	-0.019042969
5.434101562	-0.018066406
5.465332031	-0.017089844
5.496562500	-0.016113281
5.527792969	-0.015625000
5.559023437	-0.014648437
5.574638672	-0.014160156
5.590253906	-0.013183594
5.621484375	-0.012207031
5.652714844	-0.010742187
5.683945312	-0.009765625
5.715175781	-0.009277344
5.730791016	-0.007812500
5.762021484	-0.006835937
5.793251953	-0.005859375
5.808867187	-0.005371094
5.855712891	-0.003906250
5.886943359	-0.003417969
5.902558594	-0.002441406
5.918173828	-0.001464844
5.949404297	0.000488281
5.980634766	0.000488281
5.996250000	0.000488281
6.027480469	0.001464844
6.043095703	0.001464844
6.074326172	0.001953125
6.105556641	0.001953125
6.136787109	0.002441406
6.168017578	0.002441406
6.183632812	0.002929687
6.214863281	0.002441406
6.230478516	0.002441406
6.261708984	0.001953125
6.292939453	0.000488281
6.324169922	0.000488281
6.355400391	0.000488281
6.371015625	0.000000000
6.402246094	0.000000000
6.433476563	-0.000488281
6.449091797	-0.000488281
6.495937500	-0.001953125
6.511552734	-0.001464844
6.542783203	-0.001953125
6.574013672	-0.002441406
6.605244141	-0.003417969
6.605244141	-0.003417969
6.636474609	-0.004394531
6.667705078	-0.004882812
6.698935547	-0.006347656
6.714550781	-0.006347656
6.745781250	-0.007812500
6.777011719	-0.007812500
6.808242188	-0.007812500
6.839472656	-0.008300781
6.855087891	-0.008789062
6.886318359	-0.008789062
6.901933594	-0.009277344
6.933164062	-0.009765625
6.964394531	-0.010742187
6.980009766	-0.009765625
7.011240234	-0.011230469
7.042470703	-0.011718750
7.073701172	-0.012207031
7.104931641	-0.011718750
7.120546875	-0.010742187
7.151777344	-0.008300781
7.167392578	-0.011718750
7.198623047	-0.013183594
7.229853516	-0.015136719
7.261083984	-0.013671875
7.276699219	-0.015625000
7.307929687	-0.015625000
7.354775391	-0.016113281
7.370390625	-0.015136719
7.401621094	-0.015136719
7.417236328	-0.014160156
7.448466797	-0.016113281
7.479697266	-0.016113281
7.495312500	-0.017089844
7.526542969	-0.016601562
7.542158203	-0.017578125
7.573388672	-0.016601562
7.604619141	-0.018066406
7.635849609	-0.017578125
7.667080078	-0.018554687
7.698310547	-0.018066406
7.713925781	-0.018554687
7.745156250	-0.017089844
7.776386719	-0.018066406
7.792001953	-0.018066406
7.823232422	-0.018554687
7.838847656	-0.018066406
7.870078125	-0.019042969
7.901308594	-0.018066406
7.916923828	-0.019042969
7.948154297	-0.018066406
7.963769531	-0.019042969
7.979384766	-0.017578125
8.010615234	-0.019042969
8.026230469	-0.017578125
8.073076172	-0.018554687
8.104306641	-0.017578125
8.119921875	-0.018554687
8.151152344	-0.018066406
8.182382813	-0.018554687
8.197998047	-0.017578125
8.229228516	-0.019042969
8.244843750	-0.017578125
8.276074219	-0.018554687
8.307304688	-0.017089844
8.338535156	-0.018066406
8.369765625	-0.016113281
8.400996094	-0.017089844
8.400996094	-0.015625000
8.432226563	-0.016113281
8.463457031	-0.015136719
8.494687500	-0.016601562
8.525917969	-0.015625000
8.541533203	-0.016601562
8.572763672	-0.015625000
8.603994141	-0.016601562
8.635224609	-0.015136719
8.666455078	-0.016601562
8.682070313	-0.015625000
8.713300781	-0.016601562
8.728916016	-0.015136719
8.775761719	-0.015136719
8.791376953	-0.014160156
8.822607422	-0.015136719
8.853837891	-0.013671875
8.869453125	-0.013671875
8.885068359	-0.012695312
8.916298828	-0.013671875
8.947529297	-0.012207031
8.963144531	-0.013671875
8.994375000	-0.012207031
9.025605469	-0.013183594
9.056835938	-0.011718750
9.088066406	-0.012695312
9.103681641	-0.011230469
9.150527344	-0.012207031
9.166142578	-0.010742187
9.197373047	-0.011230469
9.212988281	-0.009765625
9.244218750	-0.011230469
9.275449219	-0.009765625
9.306679687	-0.010253906
9.322294922	-0.008789062
9.353525391	-0.009277344
9.384755859	-0.007812500
9.400371094	-0.008789062
9.431601562	-0.006835937
9.447216797	-0.007812500
9.478447266	-0.006347656
9.509677734	-0.007324219
9.540908203	-0.006347656
9.556523437	-0.006835937
9.603369141	-0.005371094
9.618984375	-0.005859375
9.650214844	-0.004394531
9.665830078	-0.005371094
9.697060547	-0.003906250
9.728291016	-0.005371094
9.743906250	-0.002929687
9.775136719	-0.004394531
9.806367187	-0.001953125
9.837597656	-0.001953125
9.853212891	0.000000000
9.884443359	-0.000488281
9.900058594	0.001464844
9.931289062	0.000976562
9.962519531	0.003417969
9.978134766	0.003417969
10.009365234	0.005859375
10.040595703	0.005859375
10.071826172	0.008300781
10.103056641	0.006835937
10.118671875	0.010253906
10.149902344	0.008300781
10.165517578	0.009277344
10.212363281	0.008300781
10.227978516	0.010742187
10.259208984	0.011230469
10.290439453	0.013183594
10.321669922	0.013183594
10.337285156	0.015625000
10.368515625	0.015625000
10.399746094	0.018066406
10.415361328	0.018554687
10.430976562	0.020507812
10.462207031	0.021484375
10.493437500	0.023925781
10.524667969	0.024414062
10.540283203	0.027832031
10.571513672	0.028808594
10.602744141	0.031738281
10.633974609	0.032226562
10.665205078	0.034667969
10.680820312	0.034179687
10.712050781	0.036132812
10.743281250	0.036132812
10.774511719	0.039062500
10.790126953	0.039062500
10.821357422	0.041015625
10.836972656	0.040527344
10.868203125	0.042480469
10.899433594	0.041992187
10.930664062	0.042968750
10.946279297	0.042480469
10.977509766	0.042968750
11.008740234	0.041992187
11.039970703	0.042968750
11.055585938	0.041015625
11.086816406	0.041503906
11.118046875	0.039062500
11.133662109	0.038574219
11.164892578	0.036621094
11.196123047	0.037109375
11.211738281	0.034179687
11.242968750	0.034179687
11.274199219	0.031738281
11.289814453	0.032226562
11.321044922	0.029296875
11.352275391	0.029296875
11.383505859	0.026855469
11.399121094	0.027343750
11.430351563	0.024902344
11.461582031	0.025390625
11.477197266	0.022460937
11.508427734	0.022460937
11.555273438	0.020507812
11.555273438	0.020019531
11.586503906	0.018066406
11.617734375	0.018554687
11.648964844	0.016113281
11.664580078	0.016113281
11.695810547	0.013183594
11.727041016	0.013671875
11.758271484	0.010742187
11.773886719	0.010742187
11.805117188	0.008300781
11.836347656	0.008789062
11.851962891	0.006835937
11.883193359	0.006835937
11.898808594	0.004882812
11.945654297	0.005371094
11.945654297	0.003417969
11.976884766	0.004394531
11.992500000	0.002441406
12.039345703	0.002441406
12.054960938	0.000000000
12.070576172	0.000488281
12.117421875	-0.001953125
12.133037109	-0.001953125
12.164267578	-0.004394531
12.179882813	-0.004394531
12.211113281	-0.005859375
12.257958984	-0.004394531
12.273574219	-0.005859375
12.289189453	-0.004394531
12.320419922	-0.005859375
12.336035156	-0.004882812
12.382880859	-0.006835937
12.398496094	-0.006347656
12.429726562	-0.008789062
12.445341797	-0.009277344
12.476572266	-0.011230469
12.507802734	-0.011230469
12.523417969	-0.012695312
12.554648437	-0.013183594
12.601494141	-0.013183594
12.617109375	-0.011718750
12.648339844	-0.011718750
12.663955078	-0.010742187
12.695185547	-0.010742187
12.726416016	-0.009765625
12.742031250	-0.010253906
12.773261719	-0.009277344
12.804492187	-0.009765625
12.835722656	-0.008789062
12.851337891	-0.009765625
12.866953125	-0.008300781
12.898183594	-0.009765625
12.929414062	-0.008300781
12.960644531	-0.009277344
12.991875000	-0.007324219
13.023105469	-0.006835937
13.038720703	-0.005859375
13.069951172	-0.006835937
13.101181641	-0.005859375
13.116796875	-0.006347656
13.148027344	-0.005859375
13.179257812	-0.006835937
13.194873047	-0.006347656
13.226103516	-0.006835937
13.257333984	-0.005859375
13.288564453	-0.007324219
13.304179687	-0.005859375
13.351025391	-0.006835937
13.366640625	-0.005371094
13.382255859	-0.005371094
13.413486328	-0.003417969
13.429101562	-0.004394531
13.460332031	-0.003417969
13.507177734	-0.005859375
13.522792969	-0.005371094
13.554023437	-0.006347656
13.569638672	-0.004394531
13.600869141	-0.004394531
13.632099609	-0.002929687
13.647714844	-0.003417969
13.678945312	-0.002441406
13.710175781	-0.002929687
13.741406250	-0.001953125
13.772636719	-0.001953125
13.788251953	-0.000976562
13.803867187	-0.001464844
13.835097656	-0.000488281
13.866328125	0.000000000
13.881943359	0.000488281
13.913173828	0.000000000
13.944404297	0.000976562
13.975634766	0.000976562
13.991250000	0.001464844
14.022480469	0.001953125
14.053710937	0.003417969
14.084941406	0.003417969
14.116171875	0.004394531
14.131787109	0.005371094
14.163017578	0.006835937
14.194248047	0.006347656
14.209863281	0.006835937
14.241093750	0.006835937
14.272324219	0.007324219
14.303554688	0.007812500
14.319169922	0.008300781
14.350400391	0.008300781
14.381630859	0.008789062
14.397246094	0.009277344
14.428476563	0.013671875
14.444091797	0.013671875
14.490937500	0.013671875
14.506552734	0.013183594
14.522167969	0.013671875
14.569013672	0.013671875
14.584628906	0.014648437
14.615859375	0.015625000
14.647089844	0.017578125
14.678320313	0.019531250
14.693935547	0.022460937
14.725166016	0.022949219
14.756396484	0.019042969
14.772011719	0.017578125
14.803242188	0.018554687
14.834472656	0.019531250
14.850087891	0.020996094
14.881318359	0.021972656
14.896933594	0.023925781
14.928164063	0.026855469
14.959394531	0.030273437
14.990625000	0.031738281
15.006240234	0.032226562
15.053085938	0.032226562
15.068701172	0.033203125
15.099931641	0.034667969
15.115546875	0.036132812
15.146777344	0.038085937
15.178007813	0.038574219
15.209238281	0.040527344
15.224853516	0.041992187
15.256083984	0.043945312
15.287314453	0.045898437
15.302929687	0.047363281
15.334160156	0.050292969
15.365390625	0.052246094
15.381005859	0.054687500
15.412236328	0.056152344
15.427851562	0.058105469
15.459082031	0.057617187
15.490312500	0.060546875
15.505927734	0.063476562
15.552773437	0.066406250
15.568388672	0.068359375
15.599619141	0.069824219
15.630849609	0.070800781
15.646464844	0.071777344
15.677695312	0.073242187
15.708925781	0.074707031
15.740156250	0.075683594
15.755771484	0.076171875
15.787001953	0.076171875
15.818232422	0.076171875
15.833847656	0.076660156
15.865078125	0.076660156
15.880693359	0.076171875
15.911923828	0.075195312
15.927539062	0.074218750
15.943154297	0.073242187
15.990000000	0.071777344
16.005615234	0.070312500
16.036845703	0.069335937
16.052460938	0.067382812
16.083691406	0.066894531
16.114921875	0.065429687
16.146152344	0.063476562
16.177382812	0.061523437
16.192998047	0.060546875
16.224228516	0.058105469
16.239843750	0.057617187
16.271074219	0.055664062
16.302304688	0.054687500
16.333535156	0.052734375
16.349150391	0.051757812
16.380380859	0.050292969
16.411611328	0.049316406
16.427226562	0.046875000
16.458457031	0.045898437
16.489687500	0.042968750
16.520917969	0.042480469
16.536533203	0.040039062
16.567763672	0.039062500
16.598994141	0.036621094
16.614609375	0.035156250
16.645839844	0.033203125
16.677070312	0.030273437
16.692685547	0.028320312
16.723916016	0.027343750
16.755146484	0.025878906
16.770761719	0.024902344
16.817607422	0.023437500
16.833222656	0.022460937
16.864453125	0.020507812
16.880068359	0.020507812
16.911298828	0.018554687
16.942529297	0.018066406
16.958144531	0.016601562
16.989375000	0.016113281
17.020605469	0.014160156
17.051835937	0.014160156
17.067451172	0.012695312
17.114296875	0.012695312
17.114296875	0.011230469
17.145527344	0.010742187
17.176757812	0.009277344
17.207988281	0.009277344
17.239218750	0.007812500
17.254833984	0.008300781
17.301679687	0.006347656
17.317294922	0.006835937
17.348525391	0.004394531
17.364140625	0.004882812
17.379755859	0.003906250
17.426601563	0.004882812
17.442216797	0.003906250
17.473447266	0.003906250
17.489062500	0.003417969
17.520292969	0.003906250
17.551523437	0.002441406
17.582753906	0.002929687
17.598369141	0.001953125
17.645214844	0.002929687
17.660830078	0.001953125
17.676445313	0.002929687
17.723291016	0.001953125
17.738906250	0.002441406
17.770136719	0.001953125
17.801367187	0.002929687
17.816982422	0.001953125
17.848212891	0.003417969
17.863828125	0.001953125
17.895058594	0.003417969
17.926289063	0.001953125
17.957519531	0.002929687
17.973134766	0.001953125
18.019980469	0.003417969
18.019980469	0.002441406
18.066826172	0.003417969
18.082441406	0.002929687
18.098056641	0.003906250
18.144902344	0.003417969
18.160517578	0.004394531
18.207363281	0.003417969
18.222978516	0.004882812
18.254208984	0.004394531
18.269824219	0.005859375
18.301054687	0.004882812
18.332285156	0.006347656
18.347900391	0.005371094
18.379130859	0.006347656
18.410361328	0.006347656
18.425976563	0.008300781
18.457207031	0.006835937
18.488437500	0.008789062
18.504052734	0.007812500
18.535283203	0.009765625
18.566513672	0.008789062
18.597744141	0.010253906
18.628974609	0.009277344
18.644589844	0.010742187
18.675820313	0.009765625
18.707050781	0.011718750
18.722666016	0.010253906
18.753896484	0.012695312
18.785126953	0.011718750
18.800742187	0.013671875
18.847587891	0.012695312
18.847587891	0.014648437
18.878818359	0.013671875
18.925664063	0.015625000
18.941279297	0.014648437
18.972509766	0.016601562
18.988125000	0.016113281
19.019355469	0.018066406
19.034970703	0.017578125
19.066201172	0.019531250
19.097431641	0.018066406
19.128662109	0.020507812
19.144277344	0.020019531
19.191123047	0.022460937
19.206738281	0.021972656
19.237968750	0.023925781
19.253583984	0.022949219
19.300429687	0.025390625
19.316044922	0.024414062
19.347275391	0.026855469
19.362890625	0.025878906
19.394121094	0.028320312
19.409736328	0.027832031
19.440966797	0.030273437
19.472197266	0.029296875
19.487812500	0.031738281
19.519042969	0.031250000
19.550273437	0.034179687
19.581503906	0.033691406
19.612734375	0.033691406
19.628349609	0.034667969
19.659580078	0.037597656
19.675195313	0.037597656
19.722041016	0.040527344
19.737656250	0.040527344
19.768886719	0.043457031
19.784501953	0.043457031
19.815732422	0.046386719
19.846962891	0.046875000
19.862578125	0.049316406
19.878193359	0.049804687
19.909423828	0.053222656
19.925039062	0.053222656
19.956269531	0.056152344
19.987500000	0.057128906
20.018730469	0.060058594
20.049960937	0.061035156
20.065576172	0.064941406
20.096806641	0.065429687
20.112421875	0.068847656
20.143652344	0.069824219
20.190498047	0.073242187
20.206113281	0.074218750
20.237343750	0.077636719
20.252958984	0.078613281
20.284189453	0.082031250
20.315419922	0.083007812
20.331035156	0.086425781
20.346650391	0.087402344
20.393496094	0.090820312
20.409111328	0.091796875
20.440341797	0.094726562
20.471572266	0.094726562
20.487187500	0.097656250
20.534033203	0.097656250
20.549648438	0.099609375
20.565263672	0.099121094
20.596494141	0.100585937
20.627724609	0.100585937
20.658955078	0.102539062
20.674570312	0.101562500
20.721416016	0.102539062
20.721416016	0.101562500
20.768261719	0.102539062
20.783876953	0.101074219
20.815107422	0.101074219
20.830722656	0.100097656
20.861953125	0.100097656
20.893183594	0.098632812
20.924414062	0.098632812
20.940029297	0.096679687
20.971259766	0.097656250
20.986875000	0.095703125
21.033720703	0.096191406
21.049335938	0.094238281
21.080566406	0.094238281
21.096181641	0.092285156
21.127412109	0.093261719
21.158642578	0.091796875
21.189873047	0.094238281
21.205488281	0.091308594
21.236718750	0.089355469
21.267949219	0.085937500
21.299179688	0.085449219
21.314794922	0.082519531
21.346025391	0.082031250
21.377255859	0.079101562
21.408486328	0.078125000
21.424101562	0.074707031
21.455332031	0.073730469
21.470947266	0.071289062
21.502177734	0.069824219
21.533408203	0.066894531
21.564638672	0.065917969
21.595869141	0.063476562
21.611484375	0.061523437
21.642714844	0.058593750
21.658330078	0.057617187
21.689560547	0.055175781
21.720791016	0.054687500
21.752021484	0.051269531
21.767636719	0.050781250
21.798867188	0.048828125
21.830097656	0.047851562
21.861328125	0.046386719
21.876943359	0.045410156
21.908173828	0.043457031
21.923789062	0.042968750
21.955019531	0.039550781
21.970634766	0.039550781
22.001865234	0.037597656
22.048710938	0.037109375
22.048710938	0.033691406
22.079941406	0.033691406
22.111171875	0.031738281
22.142402344	0.030761719
22.158017578	0.029296875
22.189248047	0.028808594
22.236093750	0.027343750
22.251708984	0.027343750
22.267324219	0.025878906
22.298554688	0.025878906
22.329785156	0.024414062
22.345400391	0.024902344
22.376630859	0.023437500
22.407861328	0.023437500
22.423476562	0.022460937
22.470322266	0.022460937
22.485937500	0.020996094
22.517167969	0.021484375
22.532783203	0.020019531
22.564013672	0.020507812
22.595244141	0.019531250
22.610859375	0.019531250
22.657705078	0.019042969
22.673320312	0.018554687
22.704550781	0.018554687
22.735781250	0.018066406
22.751396484	0.017578125
22.782626953	0.018066406
22.813857422	0.017089844
22.829472656	0.017578125
22.860703125	0.017089844
22.891933594	0.017578125
22.907548828	0.017089844
22.954394531	0.017578125
22.954394531	0.015625000
22.985625000	0.017089844
23.032470703	0.014160156
23.048085937	0.016113281
23.079316406	0.016113281
23.094931641	0.017089844
23.126162109	0.017089844
23.157392578	0.018066406
23.173007812	0.017578125
23.219853516	0.018554687
23.235468750	0.018066406
23.251083984	0.019042969
23.297929687	0.018554687
23.313544922	0.019531250
23.344775391	0.019531250
23.376005859	0.020019531
23.391621094	0.019531250
23.407236328	0.020507812
23.454082031	0.020507812
23.469697266	0.021484375
23.500927734	0.021484375
23.532158203	0.022460937
23.563388672	0.021972656
23.594619141	0.023437500
23.594619141	0.023437500
23.625849609	0.024414062
23.657080078	0.023925781
23.688310547	0.024902344
23.719541016	0.025390625
23.750771484	0.025390625
23.766386719	0.025878906
23.797617187	0.027343750
23.828847656	0.027343750
23.844462891	0.027832031
23.875693359	0.028320312
23.891308594	0.030273437
23.906923828	0.030273437
23.938154297	0.031250000
23.969384766	0.031250000
23.985000000	0.032714844
24.016230469	0.033203125
24.047460937	0.033691406
24.078691406	0.033691406
24.094306641	0.036132812
24.109921875	0.035644531
24.141152344	0.037109375
24.172382813	0.036621094
24.203613281	0.038085937
24.219228516	0.038574219
24.250458984	0.040039062
24.281689453	0.040039062
24.312919922	0.041992187
24.344150391	0.042480469
24.359765625	0.043457031
24.390996094	0.044433594
24.406611328	0.045898437
24.453457031	0.046386719
24.469072266	0.047851562
24.500302734	0.048828125
24.515917969	0.050292969
24.547148437	0.051269531
24.578378906	0.053222656
24.609609375	0.054199219
24.625224609	0.056640625
24.656455078	0.057128906
24.687685547	0.059082031
24.703300781	0.060546875
24.718916016	0.062500000
24.765761719	0.063964844
24.796992187	0.065917969
24.812607422	0.067382812
24.828222656	0.069824219
24.875068359	0.071289062
24.906298828	0.074218750
24.921914063	0.075195312
24.937529297	0.078125000
24.984375000	0.079101562
25.015605469	0.082031250
25.031220703	0.083496094
25.046835937	0.084960937
25.078066406	0.086914062
25.109296875	0.089843750
25.124912109	0.091308594
25.156142578	0.094238281
25.202988281	0.095214844
25.218603516	0.097656250
25.249833984	0.098144531
25.265449219	0.101074219
25.296679687	0.102539062
25.312294922	0.105468750
25.343525391	0.106445312
25.374755859	0.108398437
25.421601563	0.109863281
25.437216797	0.112304687
25.452832031	0.112792969
25.468447266	0.114257812
25.515292969	0.115234375
25.530908203	0.116210937
25.562138672	0.117187500
25.593369141	0.118164062
25.624599609	0.118652344
25.640214844	0.119628906
25.655830078	0.119140625
25.702675781	0.126953125
25.718291016	0.124511719
25.765136719	0.123535156
25.780751953	0.122070312
25.796367187	0.121093750
25.811982422	0.120605469
25.843212891	0.121093750
25.874443359	0.120605469
25.890058594	0.121093750
25.936904297	0.120117187
25.952519531	0.120117187
25.983750000	0.119628906
26.014980469	0.118652344
26.030595703	0.117675781
26.061826172	0.118652344
26.093056641	0.117675781
26.124287109	0.117675781
26.139902344	0.116699219
26.171132812	0.116210937
26.202363281	0.114257812
26.233593750	0.113769531
26.249208984	0.111816406
26.280439453	0.110839844
26.311669922	0.108398437
26.342900391	0.107421875
26.342900391	0.104980469
26.389746094	0.103515625
26.405361328	0.101074219
26.436591797	0.099121094
26.452207031	0.097167969
26.483437500	0.097167969
26.530283203	0.094726562
26.530283203	0.093750000
26.561513672	0.091796875
26.592744141	0.091308594
26.623974609	0.088867187
26.655205078	0.088378906
26.670820312	0.085449219
26.702050781	0.085449219
26.748896484	0.083496094
26.748896484	0.082519531
26.780126953	0.080566406
26.811357422	0.079101562
26.842587891	0.077148437
26.873818359	0.076171875
26.889433594	0.073242187
26.920664062	0.073242187
26.936279297	0.069824219
26.967509766	0.069335937
26.998740234	0.066894531
27.029970703	0.065917969
27.045585938	0.063476562
27.061201172	0.063476562
27.108046875	0.062011719
27.123662109	0.060058594
27.154892578	0.057617187
27.186123047	0.057128906
27.217353516	0.054687500
27.232968750	0.054199219
27.264199219	0.052734375
27.311044922	0.052246094
27.311044922	0.050292969
27.342275391	0.050292969
27.373505859	0.048339844
27.389121094	0.048828125
27.435966797	0.046875000
27.435966797	0.046875000
27.467197266	0.045410156
27.498427734	0.045410156
27.545273438	0.043945312
27.560888672	0.043945312
27.576503906	0.042480469
27.607734375	0.042480469
27.623349609	0.040527344
27.670195312	0.040527344
27.685810547	0.039062500
27.717041016	0.039550781
27.732656250	0.038085937
27.779501953	0.038574219
27.795117188	0.036621094
27.826347656	0.037109375
27.857578125	0.036621094
27.873193359	0.037597656
27.873193359	0.036132812
27.904423828	0.037597656
27.935654297	0.036132812
27.951269531	0.036132812
27.982500000	0.035156250
28.029345703	0.039062500
28.044960938	0.037109375
28.060576172	0.037109375
28.091806641	0.035156250
28.107421875	0.035644531
28.154267578	0.034667969
28.169882812	0.035644531
28.201113281	0.034667969
28.232343750	0.035156250
28.263574219	0.034667969
28.279189453	0.035644531
28.310419922	0.034667969
28.341650391	0.035644531
28.357265625	0.034667969
28.388496094	0.035644531
28.419726562	0.034667969
28.435341797	0.036621094
28.466572266	0.035644531
28.497802734	0.037109375
28.513417969	0.036132812
28.544648438	0.037597656
28.575878906	0.037109375
28.591494141	0.038574219
28.622724609	0.037597656
28.653955078	0.039550781
28.685185547	0.038574219
28.700800781	0.040527344
28.732031250	0.039062500
28.763261719	0.041015625
28.794492188	0.040039062
28.825722656	0.041992187
28.841337891	0.041015625
28.872568359	0.042968750
28.903798828	0.042480469
28.919414062	0.043945312
28.935029297	0.042968750
28.981875000	0.045410156
28.997490234	0.044433594
29.013105469	0.046386719
29.059951172	0.045898437
29.075566406	0.047851562
29.106796875	0.047363281
29.138027344	0.049316406
29.153642578	0.048828125
29.184873047	0.051269531
29.216103516	0.050292969
29.231718750	0.052734375
29.262949219	0.052246094
29.294179687	0.054687500
29.325410156	0.055664062
29.356640625	0.058105469
29.372255859	0.058593750
29.387871094	0.060546875
29.434716797	0.059570312
29.450332031	0.061523437
29.481562500	0.061035156
29.512792969	0.060546875
29.528408203	0.055175781
29.559638672	0.061523437
29.575253906	0.068847656
29.606484375	0.072265625
29.637714844	0.071777344
29.668945312	0.073730469
29.700175781	0.073730469
29.715791016	0.076660156
29.747021484	0.076171875
29.762636719	0.080078125
29.809482422	0.080566406
29.825097656	0.083496094
29.840712891	0.084472656
29.871943359	0.087402344
29.903173828	0.087890625
29.918789063	0.091308594
29.950019531	0.091796875
29.981250000	0.094726562
30.012480469	0.095214844
30.043710937	0.098144531
30.059326172	0.098632812
30.090556641	0.103027344
30.106171875	0.104003906
30.106171875	0.106445312
30.121787109	0.105957031
30.106171875	0.107910156
30.121787109	0.106445312
30.090556641	0.107421875
30.121787109	0.106445312
30.106171875	0.107910156
30.106171875	0.106445312
30.106171875	0.107910156
30.106171875	0.106933594
30.106171875	0.107910156
30.121787109	0.106933594
30.121787109	0.107910156
30.106171875	0.106445312
30.106171875	0.107910156
30.121787109	0.106933594
30.106171875	0.107910156
30.121787109	0.106933594
30.121787109	0.108398437
30.106171875	0.106933594
30.106171875	0.108398437
30.106171875	0.106933594
30.106171875	0.107910156
30.106171875	0.105957031
30.106171875	0.106445312
30.106171875	0.104980469
30.106171875	0.106445312
30.121787109	0.104980469
30.106171875	0.106445312
30.106171875	0.104980469
30.106171875	0.106933594
30.121787109	0.105468750
30.106171875	0.107421875
30.121787109	0.106933594
30.106171875	0.108398437
30.106171875	0.106933594
30.121787109	0.108398437
30.121787109	0.106933594
30.121787109	0.107910156
30.106171875	0.106445312
30.106171875	0.107421875
30.121787109	0.105957031
30.106171875	0.107421875
30.121787109	0.106445312
30.106171875	0.107910156
30.121787109	0.106445312
30.106171875	0.106933594
30.121787109	0.105468750
30.121787109	0.106933594
30.106171875	0.105957031
30.106171875	0.107421875
30.106171875	0.106445312
30.106171875	0.107421875
30.121787109	0.105957031
30.106171875	0.106933594
30.106171875	0.105957031