Chart Recorder Data File Wed, Nov 24, 2021 1:47 PM
CH1 (V)  	CH2 (V)  
0.437226562	-0.035644531
0.468457031	-0.034667969
0.484072266	-0.034667969
0.499687500	-0.037597656
0.546533203	-0.037109375
0.562148437	-0.038574219
0.593378906	-0.037597656
0.624609375	-0.038574219
0.655839844	-0.037109375
0.671455078	-0.038085937
0.702685547	-0.037109375
0.733916016	-0.037597656
0.749531250	-0.035156250
0.780761719	-0.035156250
0.811992188	-0.033691406
0.843222656	-0.032714844
0.858837891	-0.035156250
0.890068359	-0.035644531
0.936914062	-0.034667969
0.952529297	-0.035644531
0.983759766	-0.037597656
0.999375000	-0.038574219
1.030605469	-0.037109375
1.061835937	-0.037597656
1.077451172	-0.037109375
1.108681641	-0.037109375
1.139912109	-0.036621094
1.171142578	-0.038574219
1.186757813	-0.037109375
1.217988281	-0.035644531
1.233603516	-0.034179687
1.264833984	-0.034667969
1.296064453	-0.034667969
1.327294922	-0.036621094
1.358525391	-0.036132812
1.374140625	-0.036132812
1.405371094	-0.035644531
1.420986328	-0.035644531
1.452216797	-0.036132812
1.483447266	-0.038574219
1.514677734	-0.039062500
1.545908203	-0.039062500
1.561523437	-0.038574219
1.592753906	-0.038574219
1.623984375	-0.037597656
1.639599609	-0.036621094
1.670830078	-0.035156250
1.702060547	-0.035644531
1.733291016	-0.034179687
1.764521484	-0.034179687
1.795751953	-0.035156250
1.811367187	-0.036132812
1.826982422	-0.037109375
1.873828125	-0.038574219
1.889443359	-0.038574219
1.920673828	-0.040039062
1.936289062	-0.039550781
1.967519531	-0.039550781
1.998750000	-0.039062500
2.029980469	-0.038574219
2.045595703	-0.037597656
2.076826172	-0.036621094
2.108056641	-0.036132812
2.123671875	-0.036132812
2.154902344	-0.035644531
2.186132812	-0.036132812
2.201748047	-0.036132812
2.232978516	-0.036132812
2.264208984	-0.036132812
2.295439453	-0.036132812
2.311054687	-0.036132812
2.357900391	-0.036132812
2.373515625	-0.036132812
2.389130859	-0.036132812
2.420361328	-0.035644531
2.451591797	-0.035644531
2.482822266	-0.035644531
2.498437500	-0.032714844
2.529667969	-0.028808594
2.560898438	-0.027832031
2.592128906	-0.027832031
2.623359375	-0.029296875
2.654589844	-0.030761719
2.670205078	-0.031738281
2.685820312	-0.033203125
2.717050781	-0.033691406
2.748281250	-0.034179687
2.779511719	-0.035156250
2.810742187	-0.035156250
2.826357422	-0.035644531
2.857587891	-0.035644531
2.888818359	-0.035644531
2.920048828	-0.036132812
2.935664062	-0.036132812
2.966894531	-0.036621094
2.982509766	-0.036621094
3.013740234	-0.035644531
3.044970703	-0.036621094
3.060585937	-0.036621094
3.091816406	-0.036132812
3.123046875	-0.036132812
3.154277344	-0.035156250
3.169892578	-0.035156250
3.216738281	-0.035156250
3.232353516	-0.035156250
3.263583984	-0.035156250
3.279199219	-0.035644531
3.310429688	-0.035156250
3.326044922	-0.035644531
3.372890625	-0.034667969
3.404121094	-0.034667969
3.419736328	-0.034179687
3.450966797	-0.034667969
3.466582031	-0.033691406
3.497812500	-0.034667969
3.529042969	-0.034179687
3.544658203	-0.034667969
3.575888672	-0.033691406
3.607119141	-0.033691406
3.638349609	-0.032714844
3.669580078	-0.033203125
3.700810547	-0.032226562
3.716425781	-0.032714844
3.747656250	-0.031738281
3.763271484	-0.032226562
3.794501953	-0.031738281
3.825732422	-0.032226562
3.841347656	-0.030761719
3.872578125	-0.031250000
3.903808594	-0.029785156
3.919423828	-0.030273437
3.950654297	-0.029296875
3.966269531	-0.030273437
3.981884766	-0.029296875
4.013115234	-0.029785156
4.044345703	-0.028808594
4.059960937	-0.029785156
4.091191406	-0.028320312
4.122421875	-0.028808594
4.153652344	-0.027832031
4.169267578	-0.028320312
4.200498047	-0.026855469
4.216113281	-0.027343750
4.262958984	-0.026367187
4.278574219	-0.026855469
4.309804687	-0.025390625
4.325419922	-0.026367187
4.356650391	-0.025390625
4.387880859	-0.025878906
4.419111328	-0.024414062
4.434726562	-0.024902344
4.465957031	-0.023925781
4.497187500	-0.024414062
4.528417969	-0.022949219
4.544033203	-0.023925781
4.575263672	-0.022460937
4.606494141	-0.022460937
4.622109375	-0.021484375
4.668955078	-0.020019531
4.684570312	-0.020996094
4.700185547	-0.021484375
4.731416016	-0.020019531
4.778261719	-0.020507812
4.809492188	-0.018554687
4.825107422	-0.019531250
4.840722656	-0.017578125
4.871953125	-0.018066406
4.918798828	-0.016113281
4.918798828	-0.017089844
4.950029297	-0.015136719
4.965644531	-0.016113281
4.996875000	-0.013671875
5.043720703	-0.014160156
5.059335938	-0.012207031
5.090566406	-0.012695312
5.106181641	-0.010742187
5.153027344	-0.010742187
5.168642578	-0.008789062
5.184257813	-0.009765625
5.215488281	-0.006835937
5.246718750	-0.007812500
5.277949219	-0.004882812
5.293564453	-0.005371094
5.324794922	-0.002929687
5.356025391	-0.003906250
5.371640625	-0.000976562
5.402871094	-0.001464844
5.434101562	0.000976562
5.465332031	0.000488281
5.480947266	0.002929687
5.512177734	0.002441406
5.543408203	0.005371094
5.559023437	0.004882812
5.605869141	0.007812500
5.621484375	0.007812500
5.652714844	0.010742187
5.668330078	0.010742187
5.699560547	0.014160156
5.730791016	0.014648437
5.762021484	0.017578125
5.793251953	0.018066406
5.808867187	0.021484375
5.840097656	0.021972656
5.871328125	0.025390625
5.902558594	0.025878906
5.902558594	0.029785156
5.933789062	0.030761719
5.965019531	0.034179687
5.996250000	0.035156250
6.011865234	0.038574219
6.043095703	0.039550781
6.074326172	0.042968750
6.105556641	0.043945312
6.121171875	0.047851562
6.152402344	0.047851562
6.183632812	0.051757812
6.199248047	0.052246094
6.230478516	0.055175781
6.261708984	0.055664062
6.292939453	0.058593750
6.324169922	0.058105469
6.339785156	0.061035156
6.371015625	0.060546875
6.402246094	0.063476562
6.433476563	0.062988281
6.449091797	0.065429687
6.464707031	0.064453125
6.511552734	0.066894531
6.542783203	0.065917969
6.558398438	0.067382812
6.574013672	0.065917969
6.605244141	0.067871094
6.636474609	0.066894531
6.667705078	0.068359375
6.698935547	0.067382812
6.730166016	0.068359375
6.730166016	0.067382812
6.761396484	0.068359375
6.792626953	0.067382812
6.823857422	0.068359375
6.855087891	0.065917969
6.870703125	0.067382812
6.917548828	0.065429687
6.933164062	0.066406250
6.964394531	0.064453125
6.995625000	0.064941406
7.011240234	0.062500000
7.026855469	0.063964844
7.058085937	0.060546875
7.089316406	0.061035156
7.104931641	0.059082031
7.151777344	0.059570312
7.167392578	0.058105469
7.198623047	0.058105469
7.229853516	0.056152344
7.245468750	0.056640625
7.276699219	0.054199219
7.307929687	0.054199219
7.339160156	0.052246094
7.354775391	0.052734375
7.386005859	0.050781250
7.417236328	0.051757812
7.432851562	0.050292969
7.464082031	0.049804687
7.495312500	0.047363281
7.526542969	0.047851562
7.542158203	0.045898437
7.573388672	0.046386719
7.604619141	0.044433594
7.620234375	0.044921875
7.651464844	0.042480469
7.682695312	0.043457031
7.713925781	0.041992187
7.729541016	0.041992187
7.760771484	0.040039062
7.792001953	0.041015625
7.807617187	0.039062500
7.838847656	0.040039062
7.870078125	0.039062500
7.901308594	0.040039062
7.916923828	0.037597656
7.948154297	0.038574219
7.963769531	0.037109375
7.979384766	0.038085937
8.010615234	0.037109375
8.026230469	0.038085937
8.057460938	0.037109375
8.088691406	0.037597656
8.104306641	0.037109375
8.135537109	0.037597656
8.166767578	0.036621094
8.197998047	0.037597656
8.229228516	0.036132812
8.244843750	0.038085937
8.276074219	0.037109375
8.307304688	0.038085937
8.338535156	0.037597656
8.369765625	0.038085937
8.385380859	0.037597656
8.416611328	0.038574219
8.432226563	0.039062500
8.463457031	0.039550781
8.494687500	0.040039062
8.510302734	0.041015625
8.541533203	0.040527344
8.572763672	0.041992187
8.588378906	0.041992187
8.635224609	0.043457031
8.666455078	0.042968750
8.682070313	0.044433594
8.697685547	0.044433594
8.728916016	0.045410156
8.760146484	0.045410156
8.775761719	0.047363281
8.806992188	0.045898437
8.838222656	0.047363281
8.869453125	0.047363281
8.885068359	0.049316406
8.916298828	0.049804687
8.947529297	0.050781250
8.978759766	0.051757812
8.994375000	0.053710937
9.009990234	0.054199219
9.041220703	0.056640625
9.072451172	0.057128906
9.103681641	0.059082031
9.134912109	0.060546875
9.150527344	0.062500000
9.181757812	0.063476562
9.212988281	0.065429687
9.244218750	0.066406250
9.275449219	0.068359375
9.291064453	0.069335937
9.306679687	0.070800781
9.337910156	0.072265625
9.384755859	0.074707031
9.415986328	0.075195312
9.431601562	0.076660156
9.447216797	0.078125000
9.478447266	0.079589844
9.509677734	0.081542969
9.525292969	0.083496094
9.556523437	0.085449219
9.587753906	0.087890625
9.603369141	0.089843750
9.634599609	0.091308594
9.665830078	0.092773437
9.697060547	0.094726562
9.712675781	0.097167969
9.759521484	0.099121094
9.775136719	0.100097656
9.806367187	0.101562500
9.821982422	0.102539062
9.868828125	0.104003906
9.884443359	0.105468750
9.900058594	0.107910156
9.931289062	0.109863281
9.962519531	0.111816406
9.978134766	0.114257812
10.009365234	0.116210937
10.040595703	0.119140625
10.056210937	0.122070312
10.087441406	0.124511719
10.118671875	0.127929687
10.165517578	0.130371094
10.165517578	0.133789062
10.196748047	0.136230469
10.212363281	0.139160156
10.259208984	0.142089844
10.274824219	0.145507812
10.306054687	0.147460937
10.337285156	0.150878906
10.352900391	0.153320312
10.384130859	0.157226562
10.399746094	0.162109375
10.446591797	0.166015625
10.462207031	0.170410156
10.477822266	0.174316406
10.524667969	0.177734375
10.540283203	0.181152344
10.571513672	0.184570312
10.602744141	0.187988281
10.633974609	0.192382812
10.649589844	0.195312500
10.680820312	0.200195312
10.712050781	0.204589844
10.727666016	0.208984375
10.758896484	0.212402344
10.790126953	0.216796875
10.821357422	0.221191406
10.836972656	0.225585937
10.868203125	0.230468750
10.883818359	0.234863281
10.915048828	0.237792969
10.930664062	0.241210937
10.961894531	0.243164062
10.993125000	0.244628906
11.024355469	0.246582031
11.055585938	0.249511719
11.086816406	0.250000000
11.102431641	0.251953125
11.133662109	0.251464844
11.149277344	0.252441406
11.180507813	0.251464844
11.211738281	0.251464844
11.242968750	0.249511719
11.258583984	0.249511719
11.289814453	0.247558594
11.321044922	0.247558594
11.367890625	0.245605469
11.367890625	0.245117187
11.399121094	0.242675781
11.414736328	0.241699219
11.445966797	0.239257812
11.492812500	0.237792969
11.508427734	0.234863281
11.524042969	0.234375000
11.555273438	0.230957031
11.602119141	0.229492187
11.617734375	0.227050781
11.648964844	0.225585937
11.664580078	0.222167969
11.695810547	0.220703125
11.711425781	0.217285156
11.758271484	0.216308594
11.773886719	0.212890625
11.789501953	0.211914062
11.820732422	0.209472656
11.851962891	0.207519531
11.883193359	0.203613281
11.898808594	0.201660156
11.930039063	0.197753906
11.945654297	0.195800781
11.976884766	0.192382812
11.992500000	0.190429687
12.023730469	0.186035156
12.039345703	0.185058594
12.070576172	0.181640625
12.101806641	0.180175781
12.133037109	0.176757812
12.148652344	0.175292969
12.195498047	0.171386719
12.211113281	0.169921875
12.226728516	0.166015625
12.257958984	0.165527344
12.289189453	0.161621094
12.304804687	0.160644531
12.336035156	0.156738281
12.367265625	0.155761719
12.398496094	0.152343750
12.429726562	0.151855469
12.445341797	0.147949219
12.476572266	0.147460937
12.492187500	0.143554687
12.539033203	0.143066406
12.570263672	0.140136719
12.585878906	0.139648437
12.601494141	0.137207031
12.632724609	0.136718750
12.663955078	0.133789062
12.679570312	0.133789062
12.710800781	0.130859375
12.742031250	0.131347656
12.788876953	0.128906250
12.804492187	0.129394531
12.820107422	0.127441406
12.866953125	0.127441406
12.882568359	0.125976562
12.898183594	0.126464844
12.929414062	0.125000000
12.960644531	0.125976562
12.991875000	0.124023437
13.007490234	0.125000000
13.023105469	0.123535156
13.054335937	0.124023437
13.085566406	0.121582031
13.116796875	0.123535156
13.132412109	0.122558594
13.179257812	0.124511719
13.194873047	0.123535156
13.210488281	0.125488281
13.241718750	0.125000000
13.272949219	0.126464844
13.304179687	0.125976562
13.319794922	0.127929687
13.351025391	0.127929687
13.382255859	0.129882812
13.413486328	0.132324219
13.429101562	0.133789062
13.460332031	0.132812500
13.491562500	0.134277344
13.522792969	0.133789062
13.538408203	0.134277344
13.569638672	0.131347656
13.616484375	0.136718750
13.632099609	0.139648437
13.647714844	0.143066406
13.678945312	0.142089844
13.710175781	0.144042969
13.725791016	0.142578125
13.757021484	0.145507812
13.772636719	0.145507812
13.819482422	0.148925781
13.850712891	0.149902344
13.866328125	0.152343750
13.881943359	0.154296875
13.913173828	0.160156250
13.928789062	0.159667969
13.960019531	0.163085937
13.991250000	0.164062500
14.022480469	0.168457031
14.038095703	0.168457031
14.069326172	0.171386719
14.116171875	0.172363281
14.131787109	0.176269531
14.147402344	0.176269531
14.178632813	0.179687500
14.209863281	0.180664062
14.225478516	0.184082031
14.256708984	0.185546875
14.287939453	0.189941406
14.319169922	0.191406250
14.334785156	0.194824219
14.366015625	0.196777344
14.397246094	0.200195312
14.412861328	0.201171875
14.444091797	0.204589844
14.475322266	0.206542969
14.490937500	0.209472656
14.522167969	0.211425781
14.553398438	0.215820312
14.584628906	0.217285156
14.600244141	0.221679687
14.631474609	0.222656250
14.662705078	0.226562500
14.693935547	0.229003906
14.709550781	0.232910156
14.740781250	0.234863281
14.772011719	0.239746094
14.787626953	0.241699219
14.818857422	0.246093750
14.850087891	0.250488281
14.881318359	0.272949219
14.896933594	0.266601562
14.928164063	0.266113281
14.959394531	0.264648437
14.975009766	0.267089844
15.006240234	0.268066406
15.021855469	0.270996094
15.053085938	0.272460937
15.084316406	0.277343750
15.115546875	0.279296875
15.146777344	0.284667969
15.162392578	0.286621094
15.193623047	0.291015625
15.240468750	0.293945312
15.240468750	0.298828125
15.271699219	0.301757812
15.302929687	0.306640625
15.334160156	0.310058594
15.349775391	0.314941406
15.381005859	0.318359375
15.412236328	0.323242187
15.443466797	0.326660156
15.459082031	0.331054687
15.490312500	0.333984375
15.521542969	0.338867187
15.537158203	0.341796875
15.568388672	0.346679687
15.599619141	0.349121094
15.615234375	0.353515625
15.646464844	0.355468750
15.677695312	0.359375000
15.693310547	0.361328125
15.724541016	0.364746094
15.755771484	0.365722656
15.771386719	0.368652344
15.818232422	0.368652344
15.833847656	0.370605469
15.865078125	0.370117187
15.880693359	0.372558594
15.911923828	0.372558594
15.927539062	0.374023437
15.943154297	0.373046875
15.990000000	0.374023437
15.990000000	0.372070312
16.021230469	0.371582031
16.052460938	0.369140625
16.083691406	0.369140625
16.099306641	0.367675781
16.130537109	0.366210937
16.161767578	0.362792969
16.192998047	0.362304687
16.208613281	0.358398437
16.239843750	0.357421875
16.271074219	0.354003906
16.286689453	0.353027344
16.317919922	0.348144531
16.349150391	0.346191406
16.364765625	0.342285156
16.395996094	0.340820312
16.427226562	0.337402344
16.442841797	0.335937500
16.489687500	0.331542969
16.505302734	0.329589844
16.536533203	0.325683594
16.552148438	0.324707031
16.583378906	0.319824219
16.614609375	0.318359375
16.630224609	0.313476562
16.677070312	0.311035156
16.692685547	0.306152344
16.723916016	0.304199219
16.755146484	0.299804687
16.770761719	0.297363281
16.801992187	0.291015625
16.817607422	0.288574219
16.848837891	0.283691406
16.880068359	0.281738281
16.911298828	0.276855469
16.926914062	0.274414062
16.973759766	0.269531250
16.989375000	0.267578125
17.004990234	0.262695312
17.036220703	0.260253906
17.067451172	0.255371094
17.098681641	0.253417969
17.114296875	0.249023437
17.145527344	0.246582031
17.161142578	0.242187500
17.207988281	0.240722656
17.223603516	0.236816406
17.254833984	0.235351562
17.286064453	0.230468750
17.301679687	0.229492187
17.332910156	0.225097656
17.379755859	0.224121094
17.395371094	0.220214844
17.410986328	0.218750000
17.426601563	0.215332031
17.473447266	0.214355469
17.489062500	0.210449219
17.520292969	0.209472656
17.551523437	0.206054687
17.567138672	0.204589844
17.598369141	0.201171875
17.629599609	0.200683594
17.660830078	0.198242187
17.676445313	0.198242187
17.707675781	0.196777344
17.723291016	0.197753906
17.754521484	0.196289062
17.801367187	0.197753906
17.816982422	0.196289062
17.848212891	0.197265625
17.863828125	0.194824219
17.879443359	0.195312500
17.910673828	0.193847656
17.941904297	0.194335937
17.973134766	0.193359375
18.004365234	0.194824219
18.019980469	0.193847656
18.051210937	0.195312500
18.082441406	0.194824219
18.113671875	0.196289062
18.144902344	0.192871094
18.144902344	0.196289062
18.176132813	0.195800781
18.207363281	0.197753906
18.238593750	0.197265625
18.254208984	0.199707031
18.285439453	0.199707031
18.332285156	0.202148437
18.347900391	0.203125000
18.363515625	0.206054687
18.394746094	0.207031250
18.425976563	0.209472656
18.457207031	0.209472656
18.472822266	0.212890625
18.504052734	0.213378906
18.535283203	0.216796875
18.550898437	0.217773437
18.582128906	0.221191406
18.613359375	0.222167969
18.644589844	0.226074219
18.660205078	0.226562500
18.675820313	0.229980469
18.707050781	0.230957031
18.753896484	0.233886719
18.769511719	0.234863281
18.800742187	0.238281250
18.816357422	0.238769531
18.847587891	0.242675781
18.878818359	0.244140625
18.894433594	0.247558594
18.925664063	0.249023437
18.956894531	0.253417969
18.988125000	0.254882812
19.003740234	0.258789062
19.034970703	0.260253906
19.066201172	0.264160156
19.097431641	0.266113281
19.128662109	0.270507812
19.144277344	0.271972656
19.159892578	0.275878906
19.191123047	0.277832031
19.222353516	0.281738281
19.253583984	0.283691406
19.269199219	0.288574219
19.316044922	0.290527344
19.331660156	0.295410156
19.362890625	0.297363281
19.378505859	0.301269531
19.409736328	0.303222656
19.440966797	0.308593750
19.472197266	0.310546875
19.487812500	0.315917969
19.503427734	0.317871094
19.534658203	0.325195312
19.565888672	0.326171875
19.597119141	0.330078125
19.628349609	0.332031250
19.643964844	0.335449219
19.690810547	0.337890625
19.706425781	0.342773437
19.722041016	0.345703125
19.753271484	0.350097656
19.800117187	0.352050781
19.800117187	0.356933594
19.831347656	0.358886719
19.862578125	0.363769531
19.878193359	0.366210937
19.909423828	0.371093750
19.909423828	0.373535156
19.940654297	0.378906250
19.971884766	0.383300781
20.003115234	0.387695312
20.034345703	0.389160156
20.065576172	0.394042969
20.081191406	0.395996094
20.112421875	0.401367187
20.128037109	0.403808594
20.159267578	0.408203125
20.190498047	0.411132812
20.206113281	0.415527344
20.252958984	0.417968750
20.268574219	0.422851562
20.299804687	0.424804687
20.331035156	0.429199219
20.346650391	0.431152344
20.377880859	0.435546875
20.409111328	0.437011719
20.424726562	0.441406250
20.455957031	0.442871094
20.471572266	0.445800781
20.518417969	0.446777344
20.534033203	0.449218750
20.565263672	0.450195312
20.580878906	0.452148437
20.612109375	0.452148437
20.658955078	0.454101562
20.658955078	0.453613281
20.690185547	0.455078125
20.737031250	0.454101562
20.752646484	0.454589844
20.783876953	0.453125000
20.815107422	0.453613281
20.830722656	0.451660156
20.846337891	0.452148437
20.877568359	0.449707031
20.893183594	0.450195312
20.940029297	0.447753906
20.971259766	0.447753906
20.986875000	0.444824219
21.018105469	0.444335937
21.049335938	0.441406250
21.064951172	0.440917969
21.096181641	0.437011719
21.127412109	0.436523437
21.143027344	0.432617187
21.174257812	0.432128906
21.205488281	0.428710937
21.236718750	0.427734375
21.252333984	0.423339844
21.283564453	0.422363281
21.314794922	0.418945312
21.330410156	0.417480469
21.361640625	0.414062500
21.392871094	0.412597656
21.408486328	0.409179687
21.439716797	0.407714844
21.470947266	0.403320312
21.486562500	0.401855469
21.517792969	0.397460937
21.549023438	0.395507812
21.580253906	0.391113281
21.611484375	0.389160156
21.627099609	0.384277344
21.658330078	0.382812500
21.689560547	0.377929687
21.720791016	0.375488281
21.736406250	0.370117187
21.767636719	0.368652344
21.783251953	0.363281250
21.814482422	0.361328125
21.830097656	0.356445312
21.861328125	0.354492187
21.892558594	0.349609375
21.908173828	0.348144531
21.939404297	0.343261719
21.970634766	0.341796875
21.986250000	0.337402344
22.017480469	0.334960937
22.064326172	0.331054687
22.079941406	0.329101562
22.095556641	0.325195312
22.126787109	0.323242187
22.158017578	0.318847656
22.173632812	0.316894531
22.220478516	0.312500000
22.251708984	0.310546875
22.267324219	0.306152344
22.298554688	0.304199219
22.314169922	0.300292969
22.345400391	0.298828125
22.376630859	0.294921875
22.392246094	0.293457031
22.423476562	0.289550781
22.470322266	0.288574219
22.470322266	0.285156250
22.501552734	0.284179687
22.532783203	0.281250000
22.564013672	0.280273437
22.579628906	0.278320312
22.610859375	0.277343750
22.642089844	0.274902344
22.657705078	0.274414062
22.688935547	0.271972656
22.720166016	0.272460937
22.735781250	0.270507812
22.767011719	0.270019531
22.798242188	0.268554687
22.813857422	0.268066406
22.860703125	0.266113281
22.876318359	0.266601562
22.907548828	0.266113281
22.923164062	0.266113281
22.954394531	0.264648437
22.985625000	0.265625000
23.016855469	0.265136719
23.048085937	0.265625000
23.063701172	0.265136719
23.094931641	0.266113281
23.110546875	0.265625000
23.141777344	0.267578125
23.173007812	0.267089844
23.204238281	0.269042969
23.219853516	0.268554687
23.251083984	0.270996094
23.282314453	0.270996094
23.297929687	0.272949219
23.329160156	0.273925781
23.360390625	0.275878906
23.391621094	0.276367187
23.407236328	0.278808594
23.438466797	0.279785156
23.469697266	0.281738281
23.485312500	0.283203125
23.532158203	0.285156250
23.547773437	0.286621094
23.579003906	0.289062500
23.594619141	0.291015625
23.610234375	0.293457031
23.641464844	0.295410156
23.672695313	0.298339844
23.703925781	0.299804687
23.735156250	0.302734375
23.766386719	0.304687500
23.797617187	0.307617187
23.813232422	0.309570312
23.844462891	0.312988281
23.860078125	0.315429687
23.875693359	0.318359375
23.891308594	0.321289062
23.922539063	0.324707031
23.953769531	0.327148437
23.969384766	0.331542969
24.000615234	0.334472656
24.031845703	0.337402344
24.063076172	0.340332031
24.078691406	0.343750000
24.109921875	0.346191406
24.125537109	0.349121094
24.156767578	0.351562500
24.187998047	0.355468750
24.219228516	0.359375000
24.234843750	0.370605469
24.281689453	0.370117187
24.297304687	0.372070312
24.328535156	0.374511719
24.359765625	0.377929687
24.375380859	0.381347656
24.406611328	0.385253906
24.422226563	0.387695312
24.453457031	0.390136719
24.484687500	0.393066406
24.500302734	0.396972656
24.531533203	0.400390625
24.562763672	0.404296875
24.578378906	0.407714844
24.609609375	0.411132812
24.640839844	0.415039062
24.672070313	0.418945312
24.703300781	0.422363281
24.718916016	0.426757812
24.750146484	0.430664062
24.781376953	0.434570312
24.812607422	0.439453125
24.828222656	0.443847656
24.859453125	0.447265625
24.890683594	0.452148437
24.906298828	0.455566406
24.937529297	0.459472656
24.968759766	0.461425781
24.999990234	0.465820312
25.015605469	0.469238281
25.046835937	0.473144531
25.078066406	0.477050781
25.109296875	0.479492187
25.124912109	0.482421875
25.140527344	0.485839844
25.187373047	0.488281250
25.202988281	0.491210937
25.218603516	0.494140625
25.249833984	0.498535156
25.281064453	0.501464844
25.312294922	0.504882812
25.343525391	0.506835937
25.343525391	0.509277344
25.390371094	0.512207031
25.421601563	0.513671875
25.452832031	0.515136719
25.468447266	0.516601562
25.499677734	0.517089844
25.515292969	0.517578125
25.546523437	0.518066406
25.577753906	0.518554687
25.608984375	0.518066406
25.640214844	0.518066406
25.655830078	0.518066406
25.687060547	0.518066406
25.702675781	0.517578125
25.733906250	0.516601562
25.765136719	0.516113281
25.796367187	0.514648437
25.827597656	0.514160156
25.827597656	0.512695312
25.874443359	0.511718750
25.890058594	0.511230469
25.921289062	0.510253906
25.936904297	0.509277344
25.968134766	0.507324219
25.999365234	0.504394531
26.014980469	0.502441406
26.046210937	0.500976562
26.077441406	0.498535156
26.108671875	0.496582031
26.139902344	0.494628906
26.155517578	0.491699219
26.202363281	0.490234375
26.217978516	0.487792969
26.233593750	0.485839844
26.264824219	0.483398437
26.296054687	0.481445312
26.311669922	0.478515625
26.342900391	0.476074219
26.389746094	0.472656250
26.405361328	0.470214844
26.420976562	0.467773437
26.452207031	0.465332031
26.467822266	0.462890625
26.499052734	0.459960937
26.530283203	0.457519531
26.561513672	0.456054687
26.577128906	0.452148437
26.608359375	0.449218750
26.639589844	0.445800781
26.670820312	0.442871094
26.702050781	0.440429687
26.733281250	0.437500000
26.748896484	0.434082031
26.780126953	0.431640625
26.795742188	0.428710937
26.826972656	0.426269531
26.842587891	0.423339844
26.873818359	0.419921875
26.905048828	0.416992187
26.936279297	0.414062500
26.951894531	0.411621094
26.983125000	0.409179687
27.014355469	0.406250000
27.045585938	0.403808594
27.076816406	0.400390625
27.092431641	0.397949219
27.108046875	0.395507812
27.139277344	0.393066406
27.170507812	0.389648437
27.201738281	0.386718750
27.217353516	0.383789062
27.248583984	0.381835937
27.264199219	0.378906250
27.311044922	0.376953125
27.326660156	0.374023437
27.357890625	0.371582031
27.373505859	0.368652344
27.404736328	0.367187500
27.435966797	0.364746094
27.467197266	0.363281250
27.482812500	0.360839844
27.529658203	0.359375000
27.545273438	0.356445312
27.576503906	0.355468750
27.592119141	0.353515625
27.623349609	0.352539062
27.638964844	0.350097656
27.670195312	0.349609375
27.701425781	0.348144531
27.732656250	0.347167969
27.748271484	0.345703125
27.779501953	0.345214844
27.810732422	0.343261719
27.841962891	0.342773437
27.857578125	0.340820312
27.873193359	0.340332031
27.904423828	0.338378906
27.920039062	0.338867187
27.951269531	0.337402344
27.982500000	0.337890625
27.998115234	0.336914062
28.029345703	0.337402344
28.060576172	0.335449219
28.091806641	0.336914062
28.107421875	0.336914062
28.138652344	0.338867187
28.154267578	0.338378906
28.185498047	0.340820312
28.216728516	0.340332031
28.247958984	0.341796875
28.263574219	0.341308594
28.294804688	0.342773437
28.326035156	0.342773437
28.341650391	0.344726562
28.372880859	0.344726562
28.404111328	0.346679687
28.435341797	0.346191406
28.450957031	0.348632812
28.482187500	0.349121094
28.513417969	0.351074219
28.529033203	0.352050781
28.560263672	0.354492187
28.575878906	0.354980469
28.622724609	0.357910156
28.638339844	0.358398437
28.669570312	0.361816406
28.700800781	0.362792969
28.716416016	0.366210937
28.747646484	0.367675781
28.778876953	0.371093750
28.794492188	0.372070312
28.825722656	0.375488281
28.856953125	0.376953125
28.872568359	0.380859375
28.903798828	0.381835937
28.935029297	0.385253906
28.950644531	0.386718750
28.997490234	0.391113281
29.013105469	0.392578125
29.028720703	0.396972656
29.059951172	0.399414062
29.106796875	0.402832031
29.106796875	0.404785156
29.138027344	0.409667969
29.184873047	0.410644531
29.200488281	0.415039062
29.216103516	0.416992187
29.247333984	0.421386719
29.278564453	0.423339844
29.309794922	0.427734375
29.341025391	0.430175781
29.356640625	0.435058594
29.387871094	0.437011719
29.419101562	0.442871094
29.434716797	0.444824219
29.465947266	0.449707031
29.497177734	0.451660156
29.528408203	0.456542969
29.544023437	0.458496094
29.575253906	0.463378906
29.606484375	0.466308594
29.622099609	0.470703125
29.653330078	0.473144531
29.684560547	0.477539062
29.700175781	0.479980469
29.747021484	0.485351562
29.747021484	0.488281250
29.778251953	0.493164062
29.809482422	0.495605469
29.840712891	0.501464844
29.856328125	0.503906250
29.887558594	0.508300781
29.903173828	0.511230469
29.934404297	0.516113281
29.965634766	0.518066406
29.996865234	0.523437500
30.028095703	0.525390625
30.059326172	0.530273437
30.074941406	0.532226562
30.090556641	0.537109375
30.090556641	0.538574219
30.090556641	0.540039062
30.106171875	0.541992187
30.090556641	0.541992187
30.106171875	0.539550781
30.106171875	0.540527344
30.106171875	0.539062500
30.106171875	0.541015625
30.106171875	0.539550781
30.106171875	0.541015625
30.121787109	0.540039062
30.106171875	0.541015625
30.106171875	0.539550781
30.106171875	0.541015625
30.106171875	0.540039062
30.090556641	0.541015625
30.106171875	0.540039062
30.090556641	0.541015625
30.106171875	0.540039062
30.121787109	0.541503906
30.106171875	0.540039062
30.106171875	0.541015625
30.106171875	0.539550781
30.090556641	0.540527344
30.106171875	0.539550781
30.090556641	0.541015625
30.106171875	0.539550781
30.106171875	0.540527344
30.121787109	0.539550781
30.106171875	0.540527344
30.121787109	0.539550781
30.106171875	0.540527344
30.106171875	0.539550781
30.106171875	0.541015625
30.106171875	0.539550781
30.106171875	0.541015625
30.106171875	0.539550781
30.106171875	0.541015625
30.106171875	0.539550781
30.106171875	0.541015625
30.106171875	0.539550781
30.106171875	0.540527344
30.106171875	0.539062500
30.090556641	0.540527344
30.106171875	0.539062500
30.090556641	0.540039062
30.106171875	0.539062500
30.106171875	0.540527344
30.106171875	0.539062500
30.106171875	0.540527344
30.106171875	0.539062500
30.106171875	0.541015625
30.106171875	0.539550781
30.106171875	0.540039062
30.106171875	0.539062500
30.106171875	0.541015625
30.106171875	0.539550781
30.106171875	0.541015625
30.106171875	0.539062500
30.106171875	0.540527344
30.106171875	0.539062500
30.106171875	0.540527344
30.106171875	0.539550781
30.106171875	0.540527344
30.106171875	0.539062500
30.106171875	0.540527344
30.121787109	0.539550781
30.090556641	0.541015625
30.121787109	0.539550781
30.106171875	0.541015625
30.106171875	0.540039062
30.106171875	0.541015625
30.106171875	0.539550781
30.106171875	0.540527344
30.106171875	0.538574219
30.106171875	0.539062500
30.121787109	0.536621094
30.106171875	0.537109375
30.106171875	0.536132812
30.106171875	0.538574219
30.106171875	0.538085937
30.106171875	0.540039062
30.106171875	0.539062500
30.106171875	0.541992187
30.121787109	0.540527344
30.106171875	0.541015625
30.106171875	0.541015625
30.106171875	0.541992187
30.106171875	0.541015625
30.106171875	0.541992187
30.106171875	0.539550781
30.106171875	0.540039062
30.121787109	0.539550781
30.106171875	0.541015625
30.121787109	0.539062500
30.106171875	0.540527344
30.106171875	0.539550781
30.106171875	0.541015625
30.121787109	0.539550781
30.106171875	0.540527344
30.106171875	0.539550781
30.106171875	0.541015625
30.121787109	0.539550781
30.106171875	0.541015625
30.121787109	0.539062500
30.106171875	0.540527344
30.121787109	0.539550781